(-0.4307829,0.7543915941784287)
(-0.1625189,0.7034179276961692)
(-0.1625189,0.4516099940977507)
(-0.1625189,0.5605306281338174)
(0.3715636,1.6974771952448482)
(0.7654678,0.7676683681345624)
(0.8544153,2.2297415546877004)
(1.2669476,1.4614235380146492)
(1.2669476,0.9625273107229526)
(1.2669476,2.0158125659998194)
(1.3480731,1.7750568688985942)
(1.446919,1.8456761529855925)
(1.4701758,1.4045768408942256)
(1.4929041,2.282710047345836)
(1.5581446,1.2421169524262472)
(1.5993876,1.9024625105811441)
(1.6389967,1.9734562301560301)
(1.6956156,1.0619250050498692)
(1.7137979,2.559374173176987)
(1.8000583,2.183972274150609)
(1.8484548,2.2397476617782703)
(1.8946169,1.9519955937128648)
(1.9242487,2.145365287307229)
(2.008214,1.9683555322939332)
(2.0476928,0.9911975075445127)
(2.1575593,1.610251645962602)
(2.1916535,0.9559545073376763)
(2.2137539,3.868203455835859)
(2.2772673,1.6942667673230338)
(2.2975726,2.1509862900221752)
(2.3272777,2.124622781185353)
(2.5217206,2.4527503712768555)
(2.5533438,2.6211168864831254)
(2.5687881,4.103444552305733)
