(2.6567569,2.561742794556824)
(2.677591,3.175702736884733)
(2.7180005,3.0630835493384545)
(2.7942279,2.39129839221377)
(2.8063861,2.3108782063048787)
(2.8124102,2.8861861246660183)
(2.8419982,2.530254951927496)
(2.8535925,2.9400396815381216)
(2.9204698,3.1235344590503065)
(2.9626924,3.1307105769515875)
(2.9626924,1.4786756286066773)
(2.9729753,3.0345248622913985)
(3.0130809,3.193195880284609)
(3.0373539,2.2528222503034607)
(3.2752562,3.344314148362616)
(3.3375474,3.451253873564067)
(3.3928291,3.5046226911709994)
(3.4355988,3.5930458018742577)
(3.4578927,3.303156150550812)
(3.5160131,2.113628263783478)
(3.5307626,2.8755185518087374)
(3.5652984,3.4831907780381766)
(3.5876769,2.629869005511857)
(3.6309855,3.694124600585643)
(3.6800909,3.125813446264857)
(3.7123518,2.8707974672661885)
(3.9843437,4.101688165681224)
(3.993603,3.3563011772434583)
(4.029806,3.4257147071158114)
(4.1295508,4.136419794670532)
(4.3851468,3.76934195269426)
(4.6844434,4.451539646581889)
(5.477509,4.299503917997699)
