(-0.4307829,0.7476536731475165)
(-0.1625189,0.7248544439953886)
(-0.1625189,0.5115807091977993)
(-0.1625189,0.5873071800995018)
(0.3715636,1.688933985826046)
(0.7654678,0.7668298969053793)
(0.8544153,2.1848338018950035)
(1.2669476,1.4718531515205118)
(1.2669476,0.9825048893177204)
(1.2669476,2.007599786799204)
(1.3480731,1.784762884665546)
(1.446919,1.8350337521664517)
(1.4701758,1.438228064634972)
(1.4929041,2.322676827988137)
(1.5581446,1.201712545781471)
(1.5993876,1.9022459713658237)
(1.6389967,1.9465306317173414)
(1.6956156,1.0703711159251534)
(1.7137979,2.560023932444865)
(1.8000583,2.1343599681519843)
(1.8484548,2.1989270689062894)
(1.8946169,2.0421689690134217)
(1.9242487,2.1468642263221716)
(2.008214,1.9575994886181254)
(2.0476928,1.0310298417094126)
(2.1575593,1.7630119009722633)
(2.1916535,0.9731048502146658)
(2.2137539,3.8624050273575774)
(2.2772673,1.7187400963528416)
(2.2975726,2.095068459118738)
(2.3272777,2.1301323103087033)
(2.5217206,2.4477997829598)
(2.5533438,2.572703608051947)
(2.5687881,4.113409618954485)
