(2.6567569,2.5082202264789712)
(2.677591,3.1142907797119745)
(2.7180005,3.0169407087688906)
(2.7942279,2.322530675028148)
(2.8063861,2.302028426563422)
(2.8124102,2.805496171078494)
(2.8419982,2.5194314383419343)
(2.8535925,2.9699086544598776)
(2.9204698,3.1097764486743564)
(2.9626924,3.1299309890386464)
(2.9626924,1.508865620987519)
(2.9729753,3.040517405149726)
(3.0130809,3.15252049755573)
(3.0373539,2.2423526857762184)
(3.2752562,3.38384340167)
(3.3375474,3.4587784359157108)
(3.3928291,3.4737717391216347)
(3.4355988,3.5585491285499535)
(3.4578927,3.311261513462444)
(3.5160131,2.1220396689758676)
(3.5307626,2.8891238852093215)
(3.5652984,3.477152838327477)
(3.5876769,2.6402980228321007)
(3.6309855,3.6755352366515606)
(3.6800909,3.046632906205372)
(3.7123518,2.841250053151543)
(3.9843437,4.090191612600995)
(3.993603,3.308388542394546)
(4.029806,3.36949966201614)
(4.1295508,4.008532147646863)
(4.3851468,3.727391439551798)
(4.6844434,4.376858134221987)
(5.477509,4.2145770880442175)
