(-0.4307829,0.7340677765304855)
(-0.1625189,0.6970351889385451)
(-0.1625189,0.4554213488551693)
(-0.1625189,0.5570089817965629)
(0.3715636,1.672465111480995)
(0.7654678,0.7526389569835819)
(0.8544153,2.1949994955627847)
(1.2669476,1.4462439414155768)
(1.2669476,0.9612477307684164)
(1.2669476,1.9855684079220686)
(1.3480731,1.745760449500065)
(1.446919,1.8157278462637978)
(1.4701758,1.403689382028087)
(1.4929041,2.262878889803315)
(1.5581446,1.209762270329573)
(1.5993876,1.8880444186464513)
(1.6389967,1.9396227401832107)
(1.6956156,1.049547659141774)
(1.7137979,2.539460372242816)
(1.8000583,2.1607405526454126)
(1.8484548,2.2188075987689198)
(1.8946169,1.9450109121473984)
(1.9242487,2.1295869654409985)
(2.008214,1.9429790248049326)
(2.0476928,0.9850459115376882)
(2.1575593,1.6204955210563503)
(2.1916535,0.9363614911228904)
(2.2137539,3.8437369424787513)
(2.2772673,1.6712328099789138)
(2.2975726,2.1113741310267646)
(2.3272777,2.1066873910114636)
(2.5217206,2.424645871665124)
(2.5533438,2.5760489414238332)
(2.5687881,4.088965826313558)
