(2.6567569,2.529804575230384)
(2.677591,3.132855464072562)
(2.7180005,3.024606150783444)
(2.7942279,2.3485841507251566)
(2.8063861,2.2894200755738185)
(2.8124102,2.8430651891598844)
(2.8419982,2.5130748457643057)
(2.8535925,2.918677652165725)
(2.9204698,3.1031875183155395)
(2.9626924,3.099487522572004)
(2.9626924,1.4759315638655328)
(2.9729753,3.011421389828753)
(3.0130809,3.165934746807228)
(3.0373539,2.230030913850095)
(3.2752562,3.325459381897675)
(3.3375474,3.429591104451298)
(3.3928291,3.479044835852621)
(3.4355988,3.5522800463668833)
(3.4578927,3.29000058969192)
(3.5160131,2.0935428352697665)
(3.5307626,2.8525486770796378)
(3.5652984,3.4594845770604676)
(3.5876769,2.6065355131246974)
(3.6309855,3.664853553217083)
(3.6800909,3.0728064697620217)
(3.7123518,2.840397092744624)
(3.9843437,4.079369305372959)
(3.993603,3.3391369256939467)
(4.029806,3.3733659598610846)
(4.1295508,4.070313108356765)
(4.3851468,3.7382375466509425)
(4.6844434,4.391831851222744)
(5.477509,4.2621710059104965)
